654
114
25
759
281
250
228
142
754
104
692
758
913
558
89
604
432
32
30
95
223
238
517
616
27
574
203
733
665
718
558
429
225
459
603
284
828
890
6
777
960
743
307
232
62
533
47
182
191
485
956
318
915
78
383
220
938
595
198
410
736
721
691
173
56
576
857
125
110
456
459
709
404
18
216
499
537
269
130
996
996
814
23
6
559
220
23
878
924
58
352
632
956
572
15
830
5
1
733
990
764
251
635
670
946
877
89
209
587
30
278
981
585
217
788
691
165
157
117
449
377
689
291
818
101
799
38
345
223
758
398
567
463
9
148
35
294
275
913
983
354
848
97
969
544
958
71
988
643
668
65
663
923
772
824
64
131
58
480
698
655
91
673
704
457
174
690
427
921
830
521
935
755
515
924
93
620
249
410
719
707
390
947
484
717
4
587
170
603
760
951
668
342
442
377
871
154
213
231
239
459
160
573
228
87
322
174
153
461
419
432
259
569
502
11
995
696
306
879
38
157
322
161
387
317
748
729
781
943
659
472
871
645
960
27
764
167
403
255
310
373
598
290
920
999
727
205
558
840
226
377
750
532
50
279
257
56
531
714
233
895
129
734
47
607
978
4
450
497
727
229
396
710
14
46
721
306
713
380
863
114
447
757
25
84
48
656
881
41
175
225
246
644
907
901
40
415
968
143
51
842
802
3
913
197
223
348
778
531
923
872
921
327
32
657
172
957
955
64
445
867
369
901
262
75
138
515
250
917
913
177
478
758
851
575
669
701
871
567
628
375
713
722
576
33
8
80
942
125
26
20
526
698
299
745
442
356
566
332
6
860
260
249
149
776
494
740
910
622
39
94
909
296
997
312
22
50
957
298
351
274
277
753
841
3
504
698
291
542
865
911
69
60
252
9
120
223
401
151
294
848
447
827
479
5
383
144
534
606
190
615
195
439
181
846
231
406
481
559
401
279
623
212
700
964
433
380
876
592
374
575
522
841
908
310
255
866
590
453
950
659
689
975
89
555
794
911
351
896
621
29
418
890
368
534
487
261
689
530
180
582
979
427
872
331
806
174
186
540
395
814
929
578
471
105
457
511
185
529
600
735
539
769
510
477
741
777
707
909
0
877
984
715
74
623
4
685
240
908
356
957
884
888
271
70
995
197
135
452
883
462
670
924
97
878
136
88
169
552
758
921
658
811
672
505
961
39
34
885
701
535
497
777
685
122
438
414
771
106
726
59
568
552
378
658
991
849
943
230
901
688
655
742
563
338
165
875
7
889
964
841
149
382
772
184
123
141
882
447
915
357
910
866
372
380
967
570
888
858
164
799
526
361
62
167
171
498
105
132
13
367
682
42
452
280
235
542
244
340
327
729
330
214
809
660
945
204
77
602
103
526
574
675
582
480
262
164
267
63
670
435
76
184
918
160
779
279
941
537
66
760
980
882
818
806
139
612
911
26
304
482
826
443
159
783
525
277
269
551
102
666
743
813
287
400
996
351
602
387
881
522
97
529
388
349
141
49
346
754
262
293
347
938
97
551
129
264
177
148
965
112
869
448
518
521
792
165
68
790
391
234
357
327
743
70
927
288
751
999
572
322
473
881
219
303
204
311
138
633
190
115
862
985
631
916
963
463
999
113
624
201
958
335
687
59
390
161
799
566
806
119
867
311
884
460
772
366
601
600
871
541
735
272
269
656
668
817
367
590
228
409
707
392
405
421
695
340
739
668
282
591
419
721
637
302
82
783
187
778
275
614
270
982
328
989
687
789
830
311
764
914
729
730
569
704
73
503
17
698
465
942
125
873
729
9
55
353
243
927
721
366
825
24
214
927
271
811
928
298
361
342
251
221
820
399
899
957
61
879
805
739
778
28
611
433
273
618
689
581
142
126
597
820
916
702
286
149
767
828
537
580
609
239
383
974
822
510
835
480
928
709
230
290
822
770
789
814
242
159
265
548
698
192
297
681
173
637
668
488
255
655
782
485
441
734
475
997
716
591
226
483
46
954
33
590
336
197
777
681
972
441
202
730
951
956
961
812
6
392
4
15
757
15
426
842
771
315
288
273
41
153
709
50
405
917
471
702
43
908
341
931
582
471
637
795
565
944
967
224
148
287
723
390
217
716
481
228
298
434
347
225
441
243
349
437
72
527
889
794
593
838
575
33
101
274
367
972
863
827
657
933
399
448
123
889
57
370
513
425
637
730
537
14
955
992
133
27
989
508
72
846
55
772
10
777
680
136
335
869
820
103
357
977
496
600
718
599
53
2
390
300
845
795
255
407
326
240
383
886
514
423
528
652
202
932
942
570
862
313
541
173
409
829
569
495
618
319
540
14
634
391
931
153
408
982
222
242
601
446
469
241
632
764
548
349
179
76
609
191
655
450
383
222
795
75
607
839
304
202
452
517
398
497
214
275
11
569
247
827
294
605
448
744
22
664
234
608
911
189
157
976
475
494
959
264
582
52
463
843
449
185
977
47
100
183
366
809
338
945
657
152
997
410
939
768
95
927
96
447
39
355
387
972
671
943
707
247
739
102
356
43
70
681
908
335
985
932
617
59
9
152
426
775
920
838
587
663
232
469
413
931
671
500
842
742
540
126
498
526
584
523
957
187
265
442
815
16
93
144
708
445
588
165
561
193
614
850
733
53
28
74
912
634
464
68
780
963
535
59
586
989
603
154
384
402
137
17
364
221
630
851
25
697
995
596
32
996
707
453
927
736
621
359
349
42
612
176
183
351
110
835
585
558
963
544
951
588
774
968
349
413
804
990
189
359
267
605
803
361
381
476
565
627
559
35
420
460
100
874
273
80
300
572
514
23
952
887
45
184
718
870
619
552
725
217
201
86
81
26
136
219
333
229
252
873
379
371
541
709
858
77
192
927
936
508
245
787
88
403
625
133
193
980
534
946
652
556
430
459
652
239
393
431
350
766
507
20
602
951
145
157
504
486
735
948
535
802
822
594
546
751
62
384
733
753
889
266
119
168
519
581
359
965
550
148
981
563
932
608
557
828
391
978
674
913
201
581
354
245
516
190
301
587
467
428
86
511
45
743
347
577
933
414
25
50
733
670
457
883
803
725
321
265
172
843
539
183
740
512
995
612
304
327
719
154
963
877
641
733
602
946
787
320
529
260
256
578
604
616
573
999
171
449
330
757
753
452
576
384
757
260
241
337
612
693
393
845
511
723
871
379
951
501
174
348
53
803
883
884
697
803
920
152
629
451
290
423
53
17
278
213
494
964
174
989
666
783
374
630
394
642
557
51
399
697
262
644
658
447
531
469
718
497
341
691
333
949
617
214
421
580
722
487
808
901
997
741
307
784
735
191
916
622
728
767
273
787
663
360
343
132
355
207
894
712
688
999
971
766
873
262
253
838
614
891
862
493
948
33
562
567
225
376
264
443
880
103
219
164
869
454
629
523
940
230
48
117
653
992
957
155
844
492
996
494
944
421
524
111
195
615
235
900
719
503
727
942
40
832
236
790
790
42
538
747
626
104
349
862
207
204
453
310
470
671
266
938
905
444
470
996
784
430
403
818
829
992
162
196
885
23
995
110
279
398
163
513
498
375
815
295
537
246
844
782
312
391
210
344
985
226
136
915
734
498
464
404
204
152
11
489
473
538
613
602
622
428
964
445
72
451
121
960
99
449
237
266
273
932
287
473
894
251
515
746
203
481
4
336
302
986
854
932
906
845
752
345
267
485
850
670
941
467
949
59
792
849
872
848
132
406
587
421
582
542
464
932
544
903
81
947
591
126
669
725
103
832
850
251
586
695
639
804
962
341
61
34
11
578
955
55
235
731
750
702
623
767
634
787
666
233
622
422
833
684
146
594
303
580
6
990
693
63
508
472
186
51
266
388
335
216
465
334
